import pandas as pd

# Lista de cidades
cidades = [
    "Uberaba", "Uberlândia", "Araxá", "Patos de Minas", "Ituiutaba", "Araguari",
    "Frutal", "Patrocínio", "Monte Carmelo", "Coromandel", "Sacramento", "Prata",
    "Campina Verde", "Nova Ponte", "Ibiá", "Perdizes", "Santa Juliana", "Rio Paranaíba",
    "Canápolis", "Conceição das Alagoas"
]

# Matriz de distâncias (fictícias, em km)
distancias = [
    [0, 107, 176, 274, 157, 143, 140, 256, 243, 264, 83, 129, 127, 156, 218, 167, 134, 223, 204, 66],
    [107, 0, 178, 230, 180, 30, 225, 172, 121, 172, 190, 102, 209, 122, 202, 151, 118, 181, 95, 167],
    [176, 178, 0, 160, 305, 193, 296, 130, 183, 167, 111, 252, 259, 105, 84, 47, 85, 142, 253, 241],
    [274, 230, 160, 0, 388, 215, 404, 73, 126, 110, 240, 257, 355, 130, 87, 121, 149, 45, 317, 335],
    [157, 180, 305, 388, 0, 210, 215, 312, 261, 312, 232, 86, 90, 278, 372, 321, 288, 351, 64, 223],
    [143, 30, 193, 215, 210, 0, 255, 187, 136, 187, 220, 132, 239, 137, 217, 166, 133, 196, 110, 197],
    [140, 225, 296, 404, 215, 255, 0, 367, 316, 367, 223, 197, 136, 341, 393, 342, 309, 372, 153, 85],
    [256, 172, 130, 73, 312, 187, 367, 0, 53, 37, 167, 197, 279, 77, 80, 78, 95, 78, 279, 297],
    [243, 121, 183, 126, 261, 136, 316, 53, 0, 53, 170, 146, 228, 75, 133, 116, 83, 131, 228, 284],
    [264, 172, 167, 110, 312, 187, 367, 37, 53, 0, 186, 167, 279, 77, 80, 115, 101, 85, 279, 297],
    [83, 190, 111, 240, 232, 220, 223, 167, 170, 186, 0, 200, 210, 93, 146, 95, 62, 155, 257, 89],
    [129, 102, 252, 257, 86, 132, 197, 197, 146, 167, 200, 0, 176, 162, 229, 179, 146, 209, 123, 155],
    [127, 209, 259, 355, 90, 239, 136, 279, 228, 279, 210, 176, 0, 308, 371, 320, 287, 350, 65, 117],
    [156, 122, 105, 130, 278, 137, 341, 77, 75, 77, 93, 162, 308, 0, 110, 59, 26, 121, 246, 169],
    [218, 202, 84, 87, 372, 217, 393, 80, 133, 80, 146, 229, 371, 110, 0, 70, 113, 82, 280, 283],
    [167, 151, 47, 121, 321, 166, 342, 78, 116, 115, 95, 179, 320, 59, 70, 0, 69, 85, 229, 232],
    [134, 118, 85, 149, 288, 133, 309, 95, 83, 101, 62, 146, 287, 26, 113, 69, 0, 108, 196, 199],
    [223, 181, 142, 45, 351, 196, 372, 78, 131, 85, 155, 209, 350, 121, 82, 85, 108, 0, 267, 290],
    [204, 95, 253, 317, 64, 110, 153, 279, 228, 279, 257, 123, 65, 246, 280, 229, 196, 267, 0, 138],
    [66, 167, 241, 335, 223, 197, 85, 297, 284, 297, 89, 155, 117, 169, 283, 232, 199, 290, 138, 0]
]

# Criar DataFrame
df = pd.DataFrame(distancias, index=cidades, columns=cidades)

# Salvar em um arquivo Excel
df.to_excel('distancias.xlsx')

print("Matriz de distâncias salva no arquivo distancias.xlsx")
